[[[0.48235294 0.46666667 0.32941176]
  [0.48627451 0.47058824 0.33333333]
  [0.49019608 0.47058824 0.34509804]
  ...
  [0.22352941 0.18431373 0.14509804]
  [0.19607843 0.16078431 0.1254902 ]
  [0.18431373 0.14901961 0.11372549]]

 [[0.52156863 0.49803922 0.36470588]
  [0.52156863 0.50588235 0.36862745]
  [0.5254902  0.50588235 0.38039216]
  ...
  [0.21960784 0.18039216 0.14117647]
  [0.19607843 0.16078431 0.1254902 ]
  [0.18431373 0.14901961 0.11372549]]

 [[0.59215686 0.55686275 0.43529412]
  [0.58823529 0.56470588 0.43921569]
  [0.59215686 0.56470588 0.45098039]
  ...
  [0.21176471 0.17254902 0.13333333]
  [0.19607843 0.15686275 0.12156863]
  [0.19215686 0.15294118 0.11764706]]

 ...

 [[0.29411765 0.39607843 0.21176471]
  [0.22352941 0.3254902  0.14117647]
  [0.16862745 0.27058824 0.08627451]
  ...
  [0.16470588 0.22352941 0.07058824]
  [0.20784314 0.25490196 0.11372549]
  [0.20784314 0.25490196 0.11372549]]

 [[0.24705882 0.34901961 0.16470588]
  [0.25490196 0.35686275 0.17254902]
  [0.19607843 0.29803922 0.11372549]
  ...
  [0.17647059 0.23529412 0.08235294]
  [0.20392157 0.25098039 0.10980392]
  [0.21176471 0.25490196 0.12156863]]

 [[0.23921569 0.34117647 0.15686275]
  [0.25490196 0.35686275 0.17254902]
  [0.2        0.30196078 0.11764706]
  ...
  [0.17254902 0.23137255 0.07843137]
  [0.20392157 0.24705882 0.11372549]
  [0.21568627 0.25882353 0.1254902 ]]]
[[[0.48235294 0.46666667 0.32941176]
  [0.48627451 0.47058824 0.33333333]
  [0.49019608 0.47058824 0.34509804]
  ...
  [0.22352941 0.18431373 0.14509804]
  [0.19607843 0.16078431 0.1254902 ]
  [0.18431373 0.14901961 0.11372549]]

 [[0.52156863 0.49803922 0.36470588]
  [0.52156863 0.50588235 0.36862745]
  [0.5254902  0.50588235 0.38039216]
  ...
  [0.21960784 0.18039216 0.14117647]
  [0.19607843 0.16078431 0.1254902 ]
  [0.18431373 0.14901961 0.11372549]]

 [[0.59215686 0.55686275 0.43529412]
  [0.58823529 0.56470588 0.43921569]
  [0.59215686 0.56470588 0.45098039]
  ...
  [0.21176471 0.17254902 0.13333333]
  [0.19607843 0.15686275 0.12156863]
  [0.19215686 0.15294118 0.11764706]]

 ...

 [[0.29411765 0.39607843 0.21176471]
  [0.22352941 0.3254902  0.14117647]
  [0.16862745 0.27058824 0.08627451]
  ...
  [0.16470588 0.22352941 0.07058824]
  [0.20784314 0.25490196 0.11372549]
  [0.20784314 0.25490196 0.11372549]]

 [[0.24705882 0.34901961 0.16470588]
  [0.25490196 0.35686275 0.17254902]
  [0.19607843 0.29803922 0.11372549]
  ...
  [0.17647059 0.23529412 0.08235294]
  [0.20392157 0.25098039 0.10980392]
  [0.21176471 0.25490196 0.12156863]]

 [[0.23921569 0.34117647 0.15686275]
  [0.25490196 0.35686275 0.17254902]
  [0.2        0.30196078 0.11764706]
  ...
  [0.17254902 0.23137255 0.07843137]
  [0.20392157 0.24705882 0.11372549]
  [0.21568627 0.25882353 0.1254902 ]]]
[[[0.48235294 0.46666667 0.32941176]
  [0.48627451 0.47058824 0.33333333]
  [0.49019608 0.47058824 0.34509804]
  ...
  [0.22352941 0.18431373 0.14509804]
  [0.19607843 0.16078431 0.1254902 ]
  [0.18431373 0.14901961 0.11372549]]

 [[0.52156863 0.49803922 0.36470588]
  [0.52156863 0.50588235 0.36862745]
  [0.5254902  0.50588235 0.38039216]
  ...
  [0.21960784 0.18039216 0.14117647]
  [0.19607843 0.16078431 0.1254902 ]
  [0.18431373 0.14901961 0.11372549]]

 [[0.59215686 0.55686275 0.43529412]
  [0.58823529 0.56470588 0.43921569]
  [0.59215686 0.56470588 0.45098039]
  ...
  [0.21176471 0.17254902 0.13333333]
  [0.19607843 0.15686275 0.12156863]
  [0.19215686 0.15294118 0.11764706]]

 ...

 [[0.29411765 0.39607843 0.21176471]
  [0.22352941 0.3254902  0.14117647]
  [0.16862745 0.27058824 0.08627451]
  ...
  [0.16470588 0.22352941 0.07058824]
  [0.20784314 0.25490196 0.11372549]
  [0.20784314 0.25490196 0.11372549]]

 [[0.24705882 0.34901961 0.16470588]
  [0.25490196 0.35686275 0.17254902]
  [0.19607843 0.29803922 0.11372549]
  ...
  [0.17647059 0.23529412 0.08235294]
  [0.20392157 0.25098039 0.10980392]
  [0.21176471 0.25490196 0.12156863]]

 [[0.23921569 0.34117647 0.15686275]
  [0.25490196 0.35686275 0.17254902]
  [0.2        0.30196078 0.11764706]
  ...
  [0.17254902 0.23137255 0.07843137]
  [0.20392157 0.24705882 0.11372549]
  [0.21568627 0.25882353 0.1254902 ]]]
[[[0.48235294 0.46666667 0.32941176]
  [0.48627451 0.47058824 0.33333333]
  [0.49019608 0.47058824 0.34509804]
  ...
  [0.22352941 0.18431373 0.14509804]
  [0.19607843 0.16078431 0.1254902 ]
  [0.18431373 0.14901961 0.11372549]]

 [[0.52156863 0.49803922 0.36470588]
  [0.52156863 0.50588235 0.36862745]
  [0.5254902  0.50588235 0.38039216]
  ...
  [0.21960784 0.18039216 0.14117647]
  [0.19607843 0.16078431 0.1254902 ]
  [0.18431373 0.14901961 0.11372549]]

 [[0.59215686 0.55686275 0.43529412]
  [0.58823529 0.56470588 0.43921569]
  [0.59215686 0.56470588 0.45098039]
  ...
  [0.21176471 0.17254902 0.13333333]
  [0.19607843 0.15686275 0.12156863]
  [0.19215686 0.15294118 0.11764706]]

 ...

 [[0.29411765 0.39607843 0.21176471]
  [0.22352941 0.3254902  0.14117647]
  [0.16862745 0.27058824 0.08627451]
  ...
  [0.16470588 0.22352941 0.07058824]
  [0.20784314 0.25490196 0.11372549]
  [0.20784314 0.25490196 0.11372549]]

 [[0.24705882 0.34901961 0.16470588]
  [0.25490196 0.35686275 0.17254902]
  [0.19607843 0.29803922 0.11372549]
  ...
  [0.17647059 0.23529412 0.08235294]
  [0.20392157 0.25098039 0.10980392]
  [0.21176471 0.25490196 0.12156863]]

 [[0.23921569 0.34117647 0.15686275]
  [0.25490196 0.35686275 0.17254902]
  [0.2        0.30196078 0.11764706]
  ...
  [0.17254902 0.23137255 0.07843137]
  [0.20392157 0.24705882 0.11372549]
  [0.21568627 0.25882353 0.1254902 ]]]
[[[0.48235294 0.46666667 0.32941176]
  [0.48627451 0.47058824 0.33333333]
  [0.49019608 0.47058824 0.34509804]
  ...
  [0.22352941 0.18431373 0.14509804]
  [0.19607843 0.16078431 0.1254902 ]
  [0.18431373 0.14901961 0.11372549]]

 [[0.52156863 0.49803922 0.36470588]
  [0.52156863 0.50588235 0.36862745]
  [0.5254902  0.50588235 0.38039216]
  ...
  [0.21960784 0.18039216 0.14117647]
  [0.19607843 0.16078431 0.1254902 ]
  [0.18431373 0.14901961 0.11372549]]

 [[0.59215686 0.55686275 0.43529412]
  [0.58823529 0.56470588 0.43921569]
  [0.59215686 0.56470588 0.45098039]
  ...
  [0.21176471 0.17254902 0.13333333]
  [0.19607843 0.15686275 0.12156863]
  [0.19215686 0.15294118 0.11764706]]

 ...

 [[0.29411765 0.39607843 0.21176471]
  [0.22352941 0.3254902  0.14117647]
  [0.16862745 0.27058824 0.08627451]
  ...
  [0.16470588 0.22352941 0.07058824]
  [0.20784314 0.25490196 0.11372549]
  [0.20784314 0.25490196 0.11372549]]

 [[0.24705882 0.34901961 0.16470588]
  [0.25490196 0.35686275 0.17254902]
  [0.19607843 0.29803922 0.11372549]
  ...
  [0.17647059 0.23529412 0.08235294]
  [0.20392157 0.25098039 0.10980392]
  [0.21176471 0.25490196 0.12156863]]

 [[0.23921569 0.34117647 0.15686275]
  [0.25490196 0.35686275 0.17254902]
  [0.2        0.30196078 0.11764706]
  ...
  [0.17254902 0.23137255 0.07843137]
  [0.20392157 0.24705882 0.11372549]
  [0.21568627 0.25882353 0.1254902 ]]]
