[[[0.16365436 0.18045092 0.11006053]
  [0.16668337 0.18374303 0.11260406]
  [0.16935329 0.18497898 0.11908205]
  ...
  [0.03037804 0.03036578 0.02175865]
  [0.02369055 0.02368363 0.01698458]
  [0.02087191 0.02079359 0.01453478]]

 [[0.19237998 0.2095608  0.13384469]
  [0.19543445 0.21495652 0.137062  ]
  [0.19839345 0.21632358 0.14436381]
  ...
  [0.02926338 0.02922235 0.02078491]
  [0.02369055 0.02368363 0.01698458]
  [0.02087191 0.02079359 0.01453478]]

 [[0.25304618 0.27073631 0.18927359]
  [0.25475377 0.27600948 0.19310356]
  [0.25830031 0.27764182 0.20213348]
  ...
  [0.02710758 0.02701239 0.01891543]
  [0.02321528 0.02294721 0.01616592]
  [0.02226507 0.0219784  0.0153489 ]]

 ...

 [[0.08221014 0.11069423 0.05192505]
  [0.05098945 0.07183635 0.02786517]
  [0.03269149 0.04827671 0.01518424]
  ...
  [0.02527148 0.0346215  0.01107222]
  [0.03580254 0.04626189 0.01866389]
  [0.03580254 0.04626189 0.01866389]]

 [[0.06040081 0.08368567 0.03486921]
  [0.06375558 0.08787716 0.03742479]
  [0.04121535 0.059356   0.02090593]
  ...
  [0.02833395 0.03843731 0.01301901]
  [0.03459161 0.04480699 0.01780916]
  [0.03658925 0.046638   0.02003393]]

 [[0.0571556  0.07961575 0.03242508]
  [0.06375558 0.08787716 0.03742479]
  [0.04253389 0.06105197 0.02182261]
  ...
  [0.0272893  0.03713891 0.0123471 ]
  [0.0341544  0.04373793 0.01826355]
  [0.03784457 0.04812947 0.02095724]]]
